,alpha,Número de vecinos,Accuracy,Cohens Kappa
0,1,1,0.2438095238095238,0.1594559091406822
1,1,3,0.26785714285714285,0.18505250629718883
2,1,5,0.2720238095238095,0.1900211922851467
3,1,7,0.2788095238095238,0.19762900120395388
4,1,11,0.28476190476190477,0.20426568789647626
5,1,15,0.2836904761904762,0.20306475422894688
6,1,25,0.2842857142857143,0.20378012091503106
7,1,45,0.29083333333333333,0.2109475049424585
8,1,65,0.2945238095238095,0.21503043321383952
9,1,100,0.2972619047619048,0.21804210012181047
10,1,150,0.2975,0.21814335688343045
11,3,1,0.43488095238095237,0.3718265957964836
12,3,3,0.46095238095238095,0.40047128525544473
13,3,5,0.4820238095238095,0.42402875374332694
14,3,7,0.4988095238095238,0.4427121518440139
15,3,11,0.5107142857142857,0.455948964218165
16,3,15,0.5146428571428572,0.4603466732290441
17,3,25,0.5252380952380953,0.4721337810712234
18,3,45,0.5290476190476191,0.47633660910809084
19,3,65,0.5379761904761905,0.48626707896747134
20,3,100,0.5407142857142857,0.4893173562368365
21,3,150,0.5433333333333333,0.49222146584649473
22,5,1,0.6884523809523809,0.653683172752906
23,5,3,0.7157142857142857,0.6839502562610202
24,5,5,0.7380952380952381,0.7088578945781369
25,5,7,0.7483333333333333,0.7202525622680892
26,5,11,0.7541666666666667,0.72674527200873
27,5,15,0.758452380952381,0.7315136280746677
28,5,25,0.7609523809523809,0.734296468727418
29,5,45,0.7616666666666667,0.7350956322914153
30,5,65,0.7594047619047619,0.7325734751084796
31,5,100,0.7567857142857143,0.7296531598059033
32,5,150,0.7526190476190476,0.7250113960241877
33,7,1,0.8365476190476191,0.818321478357695
34,7,3,0.855,0.8388261771858794
35,7,5,0.8641666666666666,0.8490261601352886
36,7,7,0.8677380952380952,0.852993527282512
37,7,11,0.8670238095238095,0.8521981205526368
38,7,15,0.8670238095238095,0.8521998713671984
39,7,25,0.8686904761904762,0.854049851965795
40,7,45,0.8646428571428572,0.8495520918714559
41,7,65,0.8627380952380952,0.8474334952946532
42,7,100,0.8578571428571429,0.8420054184063436
43,7,150,0.8516666666666667,0.835120060413129
44,11,1,0.9195238095238095,0.9105498767690025
45,11,3,0.9267857142857143,0.9186145672394205
46,11,5,0.9308333333333333,0.9231160611137519
47,11,7,0.9282142857142858,0.9202059886530307
48,11,11,0.9286904761904762,0.9207358640661972
49,11,15,0.9269047619047619,0.9187526355653532
50,11,25,0.9217857142857143,0.9130621038375406
51,11,45,0.9158333333333334,0.9064452478721248
52,11,65,0.911547619047619,0.9016795604988765
53,11,100,0.906547619047619,0.89611943385312
54,11,150,0.8975,0.8860601859135926
55,15,1,0.9498809523809524,0.9442896865723022
56,15,3,0.9541666666666667,0.9490526486526032
57,15,5,0.955952380952381,0.9510381973738798
58,15,7,0.9566666666666667,0.951831714225576
59,15,11,0.9504761904761905,0.9449507360759579
60,15,15,0.9495238095238095,0.9438926753333811
61,15,25,0.9435714285714286,0.9372764145045992
62,15,45,0.9370238095238095,0.9299980338137097
63,15,65,0.9341666666666667,0.9268209122996084
64,15,100,0.9248809523809524,0.9164965951456737
65,15,150,0.919047619047619,0.91001202549382
66,25,1,0.9676190476190476,0.9640054799010195
67,25,3,0.9703571428571428,0.9670487822172946
68,25,5,0.9695238095238096,0.9661230234275268
69,25,7,0.9676190476190476,0.964005757188396
70,25,11,0.9658333333333333,0.9620203132719203
71,25,15,0.9645238095238096,0.9605648545798292
72,25,25,0.9596428571428571,0.9551385416547526
73,25,45,0.9529761904761904,0.94772667104977
74,25,65,0.9476190476190476,0.9417705964104125
75,25,100,0.9423809523809524,0.9359450685478045
76,25,150,0.9366666666666666,0.9295916259158717
77,45,1,0.9702380952380952,0.9669164110040428
78,45,3,0.9705952380952381,0.9673136663942805
79,45,5,0.9707142857142858,0.967444965267934
80,45,7,0.9701190476190477,0.9667831681975965
81,45,11,0.9680952380952381,0.9645336690283317
82,45,15,0.9670238095238095,0.9633426026071558
83,45,25,0.9604761904761905,0.9560638330370199
84,45,45,0.9523809523809523,0.947063226956993
85,45,65,0.949047619047619,0.9433571173990859
86,45,100,0.940595238095238,0.9339578598016873
87,45,150,0.9339285714285714,0.9265438564610863
88,65,1,0.9708333333333333,0.9675777594583892
89,65,3,0.9707142857142858,0.9674445708528332
90,65,5,0.9719047619047619,0.9687680228036286
91,65,7,0.9678571428571429,0.964268254660212
92,65,11,0.9664285714285714,0.9626808009089576
93,65,15,0.9654761904761905,0.961621319640526
94,65,25,0.9601190476190476,0.95566581858245
95,65,45,0.9517857142857142,0.9464001180142728
96,65,65,0.9448809523809524,0.9387221073091045
97,65,100,0.9383333333333334,0.9314398502781963
98,65,150,0.9297619047619048,0.9219059757402395
99,100,1,0.9677380952380953,0.964136714361234
100,100,3,0.968452380952381,0.9649297757358414
101,100,5,0.9689285714285715,0.9654591414208213
102,100,7,0.9663095238095238,0.9625469610487292
103,100,11,0.9644047619047619,0.9604299292285597
104,100,15,0.9627380952380953,0.9585766735814779
105,100,25,0.9571428571428572,0.952355819595626
106,100,45,0.9492857142857143,0.9436187391496325
107,100,65,0.9427380952380953,0.9363376287629127
108,100,100,0.935952380952381,0.9287900608497376
109,100,150,0.9257142857142857,0.9173990392122753
110,200,1,0.9642857142857143,0.9602985160877188
111,200,3,0.9660714285714286,0.9622826163556472
112,200,5,0.9670238095238095,0.9633410750130496
113,200,7,0.9648809523809524,0.9609582496691574
114,200,11,0.9613095238095238,0.9569873945966652
115,200,15,0.9601190476190476,0.9556638948880755
116,200,25,0.9535714285714286,0.9483835820842376
117,200,45,0.9453571428571429,0.9392490641675694
118,200,65,0.9401190476190476,0.9334223997036626
119,200,100,0.9322619047619047,0.9246813921720272
120,200,150,0.9219047619047619,0.9131580139295781
